PT_Schwelgern;HafenSchwelgern;POLYGON((6.729226 51.502502,6.729329 51.502502,6.730977 51.502524,6.729912 51.509383,6.733311 51.509490,6.733037 51.510260,6.732556 51.510430,6.727646 51.510537,6.725003 51.511542,6.726101 51.509704,6.726994 51.506029,6.729226 51.502502));port
PT_Walsum;Hafen Walsum;POLYGON((6.722509 51.514728,6.725084 51.515371,6.726671 51.516279,6.722979 51.519429,6.720105 51.519190,6.716887 51.518923,6.722509 51.514728));port
PT_Dintelhaven;Hafen Dintelhaven(Rotterdam);POLYGON((4.035835 51.922631,4.072056 51.931841,4.106044 51.930782,4.132995 51.926866,4.177627 51.959141,4.142608 51.976063,4.097633 51.988010,4.028454 51.982195,4.012146 51.968872,4.035835 51.922631));port
UA_NUL1;NU - L1;POLYGON((6.727585 51.510136,6.729152 51.510136,6.729167 51.510515,6.727591 51.510517,6.727585 51.510136));unloading_area
UA_NUL2;NU - L2;POLYGON((6.729213 51.510136,6.730414 51.510140,6.730420 51.510513,6.729229 51.510510,6.729213 51.510136));unloading_area
UA_NUL3;NU - L3;POLYGON((6.730468 51.510134,6.731888 51.510142,6.731835 51.510538,6.730483 51.510518,6.730483 51.510285,6.730468 51.510134));unloading_area
UA_OUL1;OU - L1;POLYGON((6.730084 51.505075,6.730631 51.505122,6.730517 51.505904,6.729965 51.505870,6.730084 51.505075));unloading_area
UA_OUL2;OU - L2;POLYGON((6.729957 51.505889,6.730515 51.505925,6.730424 51.506713,6.729844 51.506680,6.729957 51.505889));unloading_area
UA_OUL3;OU - L3;POLYGON((6.729837 51.506700,6.730428 51.506736,6.730336 51.507462,6.729697 51.507432,6.729837 51.506700));unloading_area
UA_OUL4;OU - L4;POLYGON((6.729679 51.507456,6.730334 51.507479,6.730186 51.508272,6.729565 51.508239,6.729679 51.507456));unloading_area
UA_WUL1;WU - L1;POLYGON((6.728392 51.506078,6.729057 51.506125,6.728928 51.506860,6.728284 51.506806,6.728392 51.506078));unloading_area
UA_WUL2;WU - L2;POLYGON((6.728269 51.506852,6.728935 51.506902,6.728822 51.507507,6.728157 51.507477,6.728269 51.506852));unloading_area
UA_WUL3;WU - L3;POLYGON((6.728149 51.507498,6.728814 51.507532,6.728674 51.508159,6.728031 51.508139,6.728149 51.507498));unloading_area
UA_WUL4;WU - L4;POLYGON((6.728021 51.508165,6.728675 51.508192,6.728600 51.508920,6.727946 51.508880,6.728021 51.508165));unloading_area
UA_SUL1;SU - L1;POLYGON((6.729789 51.509377,6.730932 51.509377,6.730888 51.509697,6.730320 51.509697,6.729784 51.509697,6.729789 51.509377));unloading_area
UA_SUL2;SU - L2;POLYGON((6.731007 51.509378,6.732187 51.509392,6.732177 51.509706,6.730975 51.509692,6.731007 51.509378));unloading_area
PA_SU;Liegezone - SU;POLYGON((6.729715 51.502630,6.730466 51.502683,6.729243 51.509562,6.728578 51.509522,6.729715 51.502630));parking_area
PA_NO;Liegezone - NO;POLYGON((6.727583 51.509707,6.732947 51.509717,6.732926 51.510104,6.727593 51.510114,6.727583 51.509707));parking_area
PA_Rhein;Liegezone - Rhein;POLYGON((6.725448 51.502688,6.726092 51.504211,6.726735 51.506161,6.725791 51.509713,6.724633 51.511556,6.724075 51.512171,6.723431 51.513533,6.718753 51.512357,6.720813 51.509633,6.721414 51.507496,6.721586 51.504985,6.720684 51.503570,6.725448 51.502688));parking_area
UA_Br2L1;Brücke2 - L1;POLYGON((6.730508 51.502938,6.731001 51.502965,6.730889 51.503679,6.730395 51.503642,6.730508 51.502938));unloading_area
UA_Br2L2;Brücke2 - L2;POLYGON((6.730373 51.503670,6.730898 51.503710,6.730770 51.504451,6.730276 51.504411,6.730373 51.503670));unloading_area
SY_BolierDordrecht;Werft (Bolier Dordrecht);POLYGON((4.722822 51.817312,4.723272 51.818970,4.720719 51.819315,4.720739 51.819553,4.719110 51.819792,4.719453 51.820879,4.717050 51.821211,4.716599 51.820044,4.714861 51.821622,4.712758 51.821555,4.712415 51.821555,4.715762 51.817763,4.718037 51.817405,4.718702 51.817564,4.718766 51.817803,4.722822 51.817312));shipyard
SY_DamenSchiedam;Werft (Damen Schiedam);POLYGON((4.382981 51.899606,4.387873 51.901923,4.384032 51.904292,4.381307 51.903908,4.377981 51.909562,4.375556 51.908926,4.377874 51.904699,4.376779 51.904240,4.377359 51.903097,4.376178 51.903404,4.375191 51.901605,4.378517 51.901062,4.378367 51.900532,4.378346 51.900520,4.379504 51.900039,4.382981 51.899606));shipyard
SY_HarbischDuisburg;Werft (Harbisch Duisburg);POLYGON((6.739327 51.426500,6.751643 51.431985,6.753617 51.432092,6.754776 51.433429,6.768981 51.439770,6.778208 51.441027,6.777607 51.442819,6.769196 51.441562,6.768724 51.442712,6.765205 51.442284,6.764132 51.440546,6.751515 51.435409,6.751171 51.434072,6.737782 51.428185,6.738640 51.427329,6.739327 51.426500));shipyard
SY_Hoogerwaard;Werft (Hoogerwaard);POLYGON((4.432576 51.882558,4.443155 51.886014,4.439421 51.890106,4.432061 51.887869,4.430237 51.888239,4.428327 51.887671,4.432576 51.882558));shipyard
SY_Kooimanzwijndrecht;Werft (Kooiman zwijndrecht);POLYGON((4.607500 51.805322,4.612564 51.810923,4.610804 51.811666,4.604646 51.806266,4.607500 51.805322));shipyard
SY_MSWDuisburg;Werft (MSW Duisburg);POLYGON((6.759822 51.453625,6.761410 51.454106,6.763126 51.455470,6.761110 51.456434,6.758319 51.454400,6.759822 51.453625));shipyard
SY_NRSWDuisburg;Werft (NRSW Duisburg);POLYGON((6.767291 51.454761,6.769265 51.456145,6.768042 51.456821,6.766937 51.456460,6.766807 51.455738,6.766347 51.455303,6.767291 51.454761));shipyard
PT_DordrechtZHD;Hafen Dordrecht (ZHD);POLYGON((4.629175 51.785005,4.645655 51.785323,4.645655 51.791853,4.648058 51.791800,4.648401 51.796843,4.639303 51.796950,4.640419 51.798542,4.637930 51.799657,4.635012 51.796897,4.632437 51.800559,4.627287 51.798542,4.627373 51.798436,4.627201 51.788243,4.629175 51.785005));port
PT_DuisburgNavigare;Hafen Duisburg (Navigare);POLYGON((6.763599 51.450229,6.768534 51.450711,6.778190 51.456942,6.775143 51.458493,6.763599 51.450229));port
PT_Ijmuiden;Hafen Ijmuiden;POLYGON((4.627531 52.463402,4.632509 52.477520,4.585817 52.482539,4.580495 52.463717,4.627531 52.463402));port
PT_GentCBM;Hafen Gent (CBM);POLYGON((3.753235 51.086631,3.754609 51.091374,3.742764 51.107868,3.738558 51.104958,3.740704 51.103988,3.753235 51.086631));port
PT_GentGCT;Hafen Gent (GCT);POLYGON((3.765381 51.125392,3.771539 51.130644,3.770231 51.131210,3.770188 51.131182,3.764008 51.126106,3.765381 51.125392));port
PT_Huckingen;Hafen Huckingen;POLYGON((6.713506 51.371285,6.721102 51.373857,6.721360 51.376254,6.719106 51.375906,6.718248 51.374500,6.718227 51.374433,6.713871 51.372919,6.713013 51.371780,6.713506 51.371285));port
PT_Orsoy;Hafen Orsoy;POLYGON((6.681009 51.527656,6.681867 51.528350,6.682511 51.528243,6.684571 51.528483,6.678134 51.532942,6.675559 51.536412,6.673370 51.535852,6.673327 51.535745,6.677833 51.528724,6.681009 51.527656));port
PT_TerneuzenOVET;Hafen Terneuzen (OVET);POLYGON((3.835899 51.297592,3.843624 51.298665,3.838474 51.314226,3.831951 51.320985,3.827488 51.335037,3.822166 51.333750,3.822853 51.330961,3.826114 51.319912,3.831264 51.309183,3.835899 51.297592));port
PT_VlissingenOVET;Hafen Vlissingen (OVET);POLYGON((3.704236 51.440315,3.710931 51.445237,3.718655 51.441064,3.725694 51.445664,3.719514 51.450265,3.732732 51.455934,3.726895 51.461175,3.724320 51.459892,3.719685 51.464598,3.728097 51.475612,3.718484 51.479567,3.714192 51.474649,3.709214 51.482240,3.697198 51.478605,3.702004 51.471762,3.670249 51.462939,3.668532 51.447803,3.675397 51.446627,3.679345 51.451869,3.704236 51.440315));port
PT_Monnickendam;Hafen Monnickendam;POLYGON((5.044947 52.456418,5.046964 52.458170,5.046642 52.460092,5.046277 52.461452,5.039668 52.464119,5.035656 52.463413,5.038660 52.460863,5.039196 52.458536,5.039325 52.456915,5.044947 52.456418));port
PT_AreaSchwelgernWalsum;Hafengebiet Duisburg Schwelgern & Walsum;POLYGON ((6.705136299133313 51.515900258184224, 6.7088270187378045 51.51031833953908, 6.709599494934094 51.508421934016845, 6.71517848968507 51.50177053585362, 6.724147796630872 51.49979362796464, 6.7304134368896475 51.49896543836212, 6.736378669738782 51.50051494213078, 6.739468574523926 51.50356036497247, 6.738824844360364 51.50687269909404, 6.737194061279297 51.51355006001528, 6.730585098266602 51.520226442282826, 6.7225599288940545 51.52206895146653, 6.7162942886352655 51.51963895991333, 6.705136299133313 51.515900258184224));port
RV_Rhine;Rhein (Rotterdam - Duisburg);POLYGON ((4.147167205810547 51.97155731422007, 4.127941131591797 51.98022817480167, 4.119014739990234 51.98519730176295, 4.107856750488282 51.99312561801158, 4.0807342529296875 51.996930711244154, 4.045372009277344 51.99978431894982, 4.011898040771484 51.99418262079239, 3.9657211303710938 51.98065110068555, 3.9447784423828125 51.95368158850923, 3.96881103515625 51.90446010157102, 4.09566879272461 51.919814529740165, 4.119014739990234 51.92351998447844, 4.132068147984776 51.92792573350457, 4.132243360429245 51.92788256765766, 4.137435961085723 51.92665288944254, 4.143340703055173 51.9249900342686, 4.150498167252746 51.9223197056366, 4.151020836503188 51.92214098989517, 4.156881347949603 51.920316273045025, 4.160763750164248 51.91840803209443, 4.165364911632412 51.9151172727169, 4.169642243154959 51.91186062631305, 4.170233579289306 51.91144331738115, 4.176581727437454 51.90729917575525, 4.177793569526049 51.906623057146994, 4.1852204213779025 51.90313146764084, 4.185589268099283 51.90296707138246, 4.19424029024579 51.89931882945839, 4.200216851300273 51.89647028563637, 4.20872637278156 51.892275874096164, 4.215058001030677 51.888102039663174, 4.219215263865955 51.88371553149917, 4.222904216483371 51.87878554920832, 4.226716375366778 51.87281598765054, 4.227722619266356 51.8714961700054, 4.228933293288284 51.87036095468906, 4.235001156536146 51.865552037310145, 4.236249266844884 51.86470774324997, 4.237610068544881 51.864060572070116, 4.243936566822724 51.861617609957605, 4.244221240535062 51.861512618271846, 4.252227595855234 51.85869699477643, 4.252562343506659 51.85858586658506, 4.2585248745240305 51.856722529116055, 4.260282291425413 51.85634267204774, 4.266196821339943 51.85561240139245, 4.2672960412979135 51.85553783315, 4.273717819075691 51.85545679611297, 4.274281281141266 51.855465565314574, 4.283121808379375 51.855852515028175, 4.29089882662973 51.85585728183896, 4.2979622950348375 51.85569338399424, 4.305425193335849 51.85548822109272, 4.305805835310282 51.855485004515764, 4.3132243538288 51.8555635230343, 4.313404101864045 51.85556704168713, 4.321733411870251 51.85580500996957, 4.327221087533711 51.8555415771098, 4.330303181689114 51.854429209768995, 4.334027774321108 51.85150105404687, 4.338036394657951 51.84749103515081, 4.339295098633877 51.84642440290525, 4.344759840481703 51.84251978334002, 4.346268880437507 51.84163013297794, 4.353443269024464 51.838208665586656, 4.354706208891512 51.83770857849392, 4.362105923788162 51.83534592703276, 4.3630623949841745 51.83509193860541, 4.371627552413266 51.8332658392039, 4.372826546153365 51.83308537242183, 4.3820686096454295 51.83226315019958, 4.3827579779088595 51.83222574590834, 4.391140470906057 51.83206075991394, 4.392210288674041 51.83209700582215, 4.39850428377208 51.83264859895941, 4.39853014831531 51.832650899518804, 4.404823080493985 51.83321886943639, 4.410055474897962 51.83308545757184, 4.415436739893868 51.83210718417866, 4.421628208807468 51.830067509283204, 4.427409660292288 51.82798587972367, 4.427427926907608 51.8279793227888, 4.435120629610311 51.82522639486086, 4.436098171326722 51.82493192127363, 4.44359706021561 51.82308469905141, 4.444906199068897 51.82285322808256, 4.453724128361828 51.8218928745472, 4.455041256914466 51.821836839362746, 4.461322810825671 51.82198414380251, 4.4623518643875775 51.822061537122956, 4.470779621326812 51.8231349804838, 4.471044026117416 51.82317225147268, 4.478790161337494 51.82436984246174, 4.485823355636565 51.8252396744866, 4.492345892221 51.825762709999466, 4.498610172649737 51.825370110844055, 4.505722187937977 51.823798757719075, 4.505784296879182 51.82378524203755, 4.513224705042447 51.822190865620314, 4.513323514962932 51.82217021308568, 4.520128076366441 51.82078378033713, 4.5218924005907155 51.82058515143573, 4.529252454571824 51.82041423375692, 4.530635288982696 51.82047796154932, 4.539662504370024 51.821523645143685, 4.545892165392753 51.821116224696844, 4.5499642798852955 51.81804774152482, 4.5539102900375 51.81107337029326, 4.555194743212215 51.809292650910145, 4.556836852570035 51.80783516734715, 4.562703494249194 51.80368311837164, 4.5648451352360455 51.8025298270786, 4.5728664245913695 51.79939969214605, 4.5748705756840495 51.798849446355696, 4.582673106865267 51.797559461029216, 4.583414107331596 51.79746522887934, 4.59099802125099 51.79678745776243, 4.596982223160424 51.79602806287967, 4.603587909524262 51.79486885347714, 4.6104849975027875 51.79307597928631, 4.616295221338312 51.791365039612245, 4.617763152543761 51.79105025715045, 4.6192616658700105 51.79095878128906, 4.626585255613601 51.79106254197284, 4.6278680476404075 51.79116351241085, 4.632983548805908 51.79189970122204, 4.634357710527539 51.792197324769134, 4.641847676222222 51.79438072957187, 4.643700348273407 51.795128703832106, 4.6496679583363 51.7982642384233, 4.6511016777275564 51.79918113641412, 4.657762728980311 51.80428886951581, 4.661616814706371 51.80695834670923, 4.666625979568931 51.809334827292545, 4.670879186399394 51.810814208462254, 4.6754435394487714 51.81079756646881, 4.675585308708945 51.81079805451159, 4.681559475375612 51.81086097117825, 4.683064034418815 51.81099085103181, 4.6877652643774175 51.81175768908588, 4.693435933878415 51.812100585059056, 4.69364021508192 51.81211503842013, 4.703231917337103 51.81289245676093, 4.709117553055116 51.81327720346206, 4.71772022778932 51.8132474353744, 4.725070223353581 51.81278223402574, 4.725197676106904 51.81277498366102, 4.7326840246085675 51.81239703323557, 4.7329655540483495 51.8123867933798, 4.739699117516189 51.81223681235954, 4.747462672166106 51.81199415559585, 4.753178660175555 51.81003018184432, 4.758252291020866 51.80808062671904, 4.759520926472066 51.807687631339924, 4.767137893598259 51.80587241394863, 4.768841841568054 51.8056188833503, 4.776874423252361 51.80512454372764, 4.777584280336083 51.80510611736623, 4.783428934424133 51.80516199545042, 4.7840760546638705 51.805189158353194, 4.789374300277906 51.80558376024254, 4.790619972172379 51.8057558193162, 4.795801157184682 51.80680703316314, 4.802254365916458 51.80768845995055, 4.808779121362596 51.808321693038856, 4.81560674457321 51.808669769878335, 4.822698619668558 51.80897839182262, 4.829561610758817 51.80918844379425, 4.83830699061742 51.80924239472863, 4.846804282679354 51.808868885925094, 4.852872355340543 51.80843840280546, 4.8531659898071435 51.80842190723091, 4.862470712029367 51.80803635167536, 4.862594978034626 51.80803197624384, 4.871289544636469 51.80777995041801, 4.878620612133969 51.807414149662335, 4.881414071379219 51.807668662487934, 4.891902714557631 51.81014193835002, 4.892537755099415 51.810313920455705, 4.901606417590203 51.813093157743836, 4.9016816035531345 51.813116523863755, 4.909471616415095 51.81557115599089, 4.9160462306365895 51.81701192834228, 4.921558809331665 51.817938591568435, 4.928998615932036 51.818088952049735, 4.936476620935485 51.81769004396227, 4.943459519176827 51.816971970925756, 4.951964725225663 51.815702741912325, 4.952198015019828 51.8156707312963, 4.9591034226254855 51.81480591863452, 4.965598626367047 51.81389924759479, 4.9704548055571305 51.81310840346736, 4.9705470362010145 51.813093825109675, 4.977048510402489 51.81209726491311, 4.977566057050114 51.812031700820036, 4.985052420686477 51.81128113263822, 4.985949538431137 51.81123175463908, 4.995650889782489 51.81113428842286, 4.99602647051168 51.81113756902782, 5.003385417492893 51.811340104423834, 5.010347690259106 51.81096365582808, 5.019798458990916 51.80962582478236, 5.027990839820318 51.80790265547419, 5.028668070239035 51.80778435703693, 5.035164542085079 51.80687844114243, 5.037070172239151 51.80679637423509, 5.046380075620793 51.807285370477715, 5.048384164552116 51.807596578502, 5.05868084780253 51.81028766013089, 5.0595592631500645 51.810560974748626, 5.067106992442287 51.81329614659155, 5.074534155859852 51.815829486154556, 5.081811539188115 51.81706514391217, 5.088722255535977 51.81704496427233, 5.094137508231044 51.81593389320126, 5.099988150957796 51.814245041921495, 5.107749050697925 51.81080323302932, 5.108226009856769 51.810606275532, 5.1153766366373965 51.80786721570293, 5.115930701871238 51.80767342778045, 5.123154331500865 51.80538253889155, 5.124722231700415 51.80502109909791, 5.132561074837671 51.8038681971371, 5.133918096290265 51.803762245703545, 5.141808169819678 51.803684855997666, 5.143512105132945 51.80381415568673, 5.1538175434446325 51.80549081964778, 5.153944987795455 51.80551240083693, 5.161764145740041 51.806888524343364, 5.167578730288735 51.807116137835095, 5.171805583008703 51.80696969368972, 5.178206913910212 51.80558611827695, 5.184498220197969 51.80379619753787, 5.190892850126444 51.80188264742167, 5.1918399232858095 51.80164890587168, 5.198913004487145 51.80026531299069, 5.200230967653385 51.8000974343873, 5.2099198957796835 51.79951330476535, 5.211588599617098 51.799552258771705, 5.22095285037011 51.8005570780488, 5.222035044502889 51.80073366296455, 5.229270159634469 51.80232576822771, 5.229925351155769 51.80249336004375, 5.236933131077684 51.804540701278846, 5.243589898973452 51.806257974433194, 5.2488740926812465 51.80725640783314, 5.255307163778665 51.807703137240715, 5.262123655171499 51.80805655068549, 5.262830938693123 51.80811845907556, 5.270028565112112 51.80900690076802, 5.270078199618531 51.809013153505525, 5.277470609213949 51.80996320721122, 5.27813418630509 51.810071274993845, 5.284117578282571 51.81125343544425, 5.284642314847229 51.811371857857004, 5.290760031967401 51.81292654888911, 5.2962531704993 51.81389542126474, 5.302484565275133 51.8140305026793, 5.30812033363561 51.81344079618993, 5.312563094639435 51.81242932586525, 5.317233482421672 51.81026620231574, 5.323237420919176 51.805559397804345, 5.327098005606526 51.80213662173394, 5.328358543205836 51.801185642508294, 5.33350708893871 51.797905217709214, 5.336039575185357 51.79675086589086, 5.343446856958309 51.79455599931467, 5.345706713719649 51.7941608413195, 5.352264780877716 51.79377906408776, 5.354665375825328 51.79392907135033, 5.362546702606655 51.79538736373362, 5.365316804865983 51.79633585017903, 5.37262953213871 51.80011339563357, 5.374482003031007 51.80134943170597, 5.378008669697674 51.80431976503932, 5.379106938752924 51.805399901491164, 5.3827122019108185 51.80953858570168, 5.3835218125757915 51.8106043401918, 5.3862399438677215 51.81472889195781, 5.389897950777348 51.818661820127204, 5.393424139452449 51.821506638640145, 5.398181575401848 51.82457822506622, 5.402533054859155 51.826877081956994, 5.402788776275019 51.82701698251394, 5.40665050787675 51.82920338944036, 5.407355405709518 51.82964209118453, 5.412664122287059 51.83326016605083, 5.413776163675324 51.834139694582774, 5.417357272272609 51.837410395940225, 5.418155972755196 51.838228370235726, 5.421418782403175 51.841976512347856, 5.422708163787994 51.843852205179154, 5.425083699830469 51.848325494948426, 5.425810643125726 51.85007820519596, 5.427364515573852 51.855134690937646, 5.429048199062245 51.85836631542918, 5.432220244977252 51.86181661802489, 5.436231530555247 51.865996602118926, 5.440588211093356 51.86976144916391, 5.445203813470367 51.87287236527743, 5.4504769870217915 51.87535684939724, 5.457280081599538 51.877552149405126, 5.464358051676096 51.8789133516445, 5.4708005837981375 51.879763831552545, 5.478176063373762 51.87966970226481, 5.4851411878683685 51.87907723281649, 5.485753020779205 51.879044028799356, 5.494075937445872 51.878847778799376, 5.494349692617492 51.87884507229891, 5.500809765081261 51.878869637516296, 5.501553146353413 51.87890014182626, 5.5070744304787915 51.87933290219027, 5.507148945001384 51.87933902301822, 5.512494383284031 51.87979823589835, 5.513292428911385 51.87989926732708, 5.518524699080241 51.880776753255795, 5.519004395632677 51.88086930186329, 5.526674014802553 51.88254431256075, 5.527709352311126 51.88282944601325, 5.53335390709431 51.8847154109255, 5.5334566372339875 51.88475035595855, 5.5407044138891495 51.887259739340294, 5.5460615871911365 51.88900143213832, 5.5520134584700935 51.8903309750709, 5.558529891756028 51.89120335020691, 5.5645787187793925 51.89164673130995, 5.570525345240787 51.89177832036571, 5.577174531943498 51.89117687765755, 5.585555860551464 51.89000525230294, 5.585765119266847 51.889978247607985, 5.593158820759385 51.889103292384114, 5.594117033859769 51.88903635399236, 5.599867244386085 51.888911564518686, 5.600177193436675 51.88890964282673, 5.60694380258249 51.88897256344797, 5.60711645793426 51.88897565995448, 5.613681798116605 51.889150122074426, 5.620281609207534 51.88927450267439, 5.620350428486047 51.88927603661273, 5.625782307613075 51.88941581615107, 5.6316347213824045 51.88916577271088, 5.639601715971461 51.888645449825866, 5.647378337278425 51.88737754161262, 5.64766792384991 51.88733466862671, 5.654308365026379 51.886450681698605, 5.654725465342384 51.88640404168375, 5.6613166731020845 51.88580676383645, 5.661585266665715 51.885786068005174, 5.668291572274999 51.88536011055837, 5.66893636458071 51.88534000595143, 5.675771926984408 51.88534746357857, 5.676004441361733 51.88535042083839, 5.682085215457357 51.885498485599314, 5.682177914411596 51.88550117293037, 5.6874227793776555 51.88567756476841, 5.695304805015899 51.88511883131754, 5.700816498358985 51.88428344795517, 5.706490548524297 51.88279607283609, 5.712949401922065 51.88044649037343, 5.7132156677277015 51.88035385768046, 5.72016909629913 51.87804414339475, 5.720926684487159 51.87782525894685, 5.725678589249064 51.87665319545478, 5.726965285517554 51.87642380031339, 5.734008875261144 51.8756385011681, 5.7341470555867415 51.87562406634876, 5.7406153786043825 51.874993753225375, 5.7464625856543 51.87415337000473, 5.752692217539953 51.872711995265135, 5.757423449778478 51.871592538613875, 5.763348620101773 51.87008064101295, 5.763823805816713 51.869971654878796, 5.769722396042277 51.868769336583064, 5.770604945010838 51.8686301789074, 5.777951968820362 51.86780607176454, 5.778217641856835 51.8677798573434, 5.784380975190167 51.86725467877196, 5.784415395535461 51.867251805676, 5.791535373249384 51.86666987511025, 5.796142605307111 51.86599280495171, 5.800819215726628 51.86498703108535, 5.805894048872752 51.86378939479699, 5.811811600002198 51.86160112562766, 5.817637243432436 51.858977359077784, 5.8233322359182464 51.85617128998428, 5.829126783988081 51.85286668522162, 5.834737277439318 51.84956060336114, 5.8356457362001715 51.84908623387594, 5.841528080264558 51.846388748966454, 5.841981608042068 51.8461941700782, 5.8481523027583115 51.843725187690715, 5.849580497594465 51.84327453162272, 5.856390141983561 51.84167504359173, 5.857858132626706 51.84144366550615, 5.865304802449939 51.84083200199603, 5.867191573154074 51.840855646834164, 5.872429246765184 51.84141832044528, 5.874541954829678 51.84188048701573, 5.879008621496346 51.84337909812684, 5.880704376351937 51.84412938509548, 5.882232448630867 51.8451798660215, 5.886086928917605 51.848394337347685, 5.887941040628608 51.850435708773276, 5.891107384778849 51.85507350578843, 5.893691637406935 51.857569437203104, 5.898020301878895 51.86018658556801, 5.90441755849415 51.862435775368205, 5.909440240075179 51.86349658987365, 5.914366401253461 51.864121060877714, 5.920008203638456 51.86438071623862, 5.925872887179348 51.86400657997994, 5.93153994064745 51.8625064444321, 5.934841826937311 51.86074726425291, 5.9392667650586874 51.85651112478456, 5.939741863189203 51.8560845188278, 5.946700215947557 51.85022667111995, 5.947990193771741 51.84930499223706, 5.949409623920729 51.84859876790858, 5.956836866939148 51.84561219631023, 5.958316318435274 51.845146915346106, 5.959849920308153 51.84491598591865, 5.9682984022815875 51.84430804790475, 5.970064313989328 51.84433734437479, 5.971797529638098 51.84467685278052, 5.979968147593792 51.847042787487084, 5.981525574235489 51.84763849920714, 5.982962361946407 51.8484847209697, 5.987962428145268 51.85202224248435, 5.989227400940524 51.85308429723822, 5.990300298301478 51.8543400869204, 5.991151850338484 51.85575535212568, 5.993990545843828 51.8614995801929, 5.996718599852671 51.8653587579503, 6.00000617320276 51.86812164622567, 6.0042374515162145 51.87054292637399, 6.008083841385893 51.87150525837773, 6.011803711364636 51.87154780937322, 6.016877305083041 51.87005648655568, 6.02261201004983 51.867118197100254, 6.023303293748385 51.86679665997055, 6.028782575799667 51.864497890739784, 6.029839062149272 51.86412280334948, 6.036158689188899 51.86227084530752, 6.037343628660559 51.86200056312372, 6.043074550292479 51.861055383120004, 6.047782842316071 51.86000372006941, 6.053515015081292 51.85829813509581, 6.058366879199379 51.85669301511288, 6.064133286786915 51.854268080100425, 6.070013371707012 51.851222081304826, 6.0763917689587 51.84725018399565, 6.077323500329475 51.84673665206111, 6.084050134316403 51.843483057289866, 6.084519722385328 51.84327067592557, 6.089338387543699 51.84123922796177, 6.091026317545331 51.84069811715822, 6.0966970867761 51.8394211940813, 6.097200754001164 51.839321293266394, 6.102906907847317 51.83834103685613, 6.104275375199735 51.8382019371186, 6.111262217304998 51.83797500729405, 6.1115666042045 51.83796975732077, 6.121064298181711 51.83795053594257, 6.12118751434357 51.83795104570411, 6.127923644530478 51.83802041687974, 6.133832756965177 51.83749352977641, 6.141017957367208 51.836474038654764, 6.146990107473329 51.83534112292084, 6.152043838097124 51.83411148115337, 6.152146387219442 51.83408710129246, 6.157831037967395 51.83276725605326, 6.164876694123933 51.83042110592376, 6.171796071958103 51.82790214628858, 6.177964503268357 51.82541424662893, 6.178113373328959 51.825355583585484, 6.184358373328958 51.82295225025215, 6.184916982200502 51.82275605446401, 6.190575805729915 51.82095487799343, 6.191623568720972 51.82068286626262, 6.19817051442233 51.8193567350409, 6.199301931092912 51.8191942109666, 6.206155421121402 51.818606889029276, 6.20657394167362 51.818579849933506, 6.211669682414361 51.81835781289647, 6.212689758117659 51.81836544507673, 6.219338737743046 51.8187549160104, 6.226425850355124 51.81909174689197, 6.2340070881316105 51.818731572441834, 6.240523997082369 51.81813753880769, 6.247489129655756 51.81701442530963, 6.253476564846637 51.81527418712753, 6.258123569414382 51.81335880187537, 6.263416773289032 51.81079960041296, 6.269239038146459 51.80772278367196, 6.269796421649772 51.807450007793555, 6.276271520648142 51.80452659759087, 6.276684349124186 51.80435124812496, 6.282451120860461 51.80205306057571, 6.283546792553657 51.80168819228111, 6.289234101849822 51.800152782839284, 6.295655558661763 51.7976637563568, 6.300289012783613 51.79516053354101, 6.304991691700167 51.79170920663356, 6.308701232646415 51.78807143413494, 6.311241102666131 51.7849028936042, 6.312664447507489 51.78167825769391, 6.313436941184059 51.77796384727294, 6.313728136421996 51.776875416360426, 6.315259018774937 51.77222124969376, 6.31594549512705 51.77061995957815, 6.319198789700693 51.764553196012265, 6.319839177459215 51.76351616653394, 6.323857782110378 51.75781732932464, 6.325076914180028 51.75639334425146, 6.326540387004213 51.755221907618655, 6.333500253455974 51.75065058595162, 6.335412058373075 51.74967094402451, 6.343581050272266 51.746540821012196, 6.3447130846363535 51.74618254874635, 6.3519272080129765 51.74436268943897, 6.3531314343049505 51.744136328988695, 6.359712066173082 51.74331278503266, 6.36122723248896 51.74323912231833, 6.367544814906543 51.74341190096823, 6.36801537655359 51.7434358745912, 6.37419222384423 51.74389667684313, 6.37463681583485 51.7439398480976, 6.381126973268492 51.744716736033695, 6.386191187896589 51.745149810794366, 6.39142088211481 51.74540711853746, 6.399788311482509 51.745494703518574, 6.404830854324172 51.74498321109771, 6.4091151493444665 51.74378485251327, 6.411429846606864 51.74225217674778, 6.40922130143439 51.740175929204185, 6.404304133346601 51.73586725715299, 6.403118290491313 51.73463348079996, 6.402160168444276 51.73321558464379, 6.398982780066887 51.7275162776445, 6.398247282821937 51.725859670903944, 6.39782289824102 51.724097513187516, 6.397723568639643 51.72228769669943, 6.397952557295275 51.72048967937871, 6.399164927357646 51.71500180689081, 6.399691530998906 51.71333011478912, 6.4005019122638895 51.71177604011803, 6.401571177327037 51.71038732196716, 6.402866479799729 51.70920661989548, 6.408039318201637 51.705262761815575, 6.409555635241103 51.704308511597745, 6.411217892440083 51.70364014654264, 6.419008249785517 51.70129332294651, 6.420510800900656 51.700964232804985, 6.428894588562062 51.69979446953383, 6.428961503705916 51.69978536331316, 6.435969670988893 51.698855740245115, 6.443775510295514 51.69778063808465, 6.44930108343349 51.696376171665435, 6.453231431561195 51.69457739157849, 6.456439374454113 51.69196541580511, 6.458573083149501 51.68885714880632, 6.459702861630033 51.68602720595174, 6.461194863275435 51.68162852825524, 6.462744177993566 51.67593053156104, 6.463241345161088 51.67452541626669, 6.465701948380341 51.66893565224106, 6.4669964381063805 51.66677974027665, 6.470931098635725 51.66178063786007, 6.472035178652754 51.66059085833727, 6.473317195080628 51.65959536756606, 6.478194770838204 51.65640668069738, 6.47952459340542 51.65567494208524, 6.480949843933381 51.65515289765292, 6.4899311772667145 51.652617463309504, 6.491650611763582 51.65229119681638, 6.500473445096915 51.65140680792751, 6.501633210338336 51.651358262845946, 6.506985184022547 51.651445178050636, 6.507398953162668 51.65146047066445, 6.512410529489121 51.651749691127165, 6.517746022109966 51.65199251011312, 6.522101286641215 51.65196876799384, 6.527247687040069 51.651340721163194, 6.5351565717940625 51.64953595201484, 6.535483111357211 51.6494671485047, 6.54229918062128 51.64814934763888, 6.544113933315592 51.647967880829654, 6.55051965571819 51.64791441086211, 6.551086505575738 51.64792575217147, 6.557969094861452 51.64825883252861, 6.558751400322372 51.64832756429469, 6.56627260855962 51.64928723089593, 6.573405629819425 51.64974092401035, 6.57956158778646 51.64958816699476, 6.585385415102312 51.648570061575676, 6.5898626539458744 51.64695897874787, 6.593074345372707 51.644856779632995, 6.594041348077956 51.64360867327756, 6.592451918123812 51.64237181089504, 6.587321855046028 51.63915337149996, 6.586164845236512 51.63830611370708, 6.581322483939273 51.634195647344164, 6.580125653785865 51.632990515123794, 6.579150033135245 51.631600223632496, 6.5784237661659315 51.63006487924963, 6.576462775119312 51.624804320435196, 6.575914931916706 51.62258954854561, 6.575883353931201 51.62030824419756, 6.576369684906424 51.61807915719162, 6.57790890466156 51.61357268281934, 6.578968779420621 51.61138424651039, 6.581292300446994 51.60778222702833, 6.582563512356745 51.6061934348317, 6.584259433318055 51.604467832717205, 6.5858731275680915 51.60034652908989, 6.586644957657453 51.59714363575201, 6.58679082514375 51.59660482600379, 6.587974421202598 51.59267153422286, 6.5881581988741695 51.5903735483379, 6.587653760889478 51.587205473292144, 6.587547673886342 51.58623799552578, 6.5870997114370144 51.578846828467945, 6.587151616672696 51.57705885774203, 6.587521228500647 51.57530873758416, 6.588196721066718 51.573652463674605, 6.591477606419635 51.5673009540867, 6.592433331568243 51.565796766904015, 6.593640879319908 51.56448611131705, 6.595061898083139 51.56341061361143, 6.601127995759764 51.5596189113829, 6.602595725358615 51.55886226565367, 6.604167961552902 51.558357472345186, 6.6107593362609425 51.556827959498996, 6.613209609994414 51.55657093824719, 6.620011890806301 51.556700107529466, 6.621802418880227 51.55689636265869, 6.628792227087185 51.55830858388977, 6.630329233940862 51.55874954588238, 6.636643001591697 51.56112194639586, 6.637254601914104 51.561375159607884, 6.644716691162053 51.564758086206474, 6.649544702620319 51.566504166765306, 6.653161238133641 51.56728276225183, 6.6592000238206035 51.56801948118113, 6.663281941586817 51.56792998902989, 6.667142770878651 51.56761717190683, 6.670523626641235 51.56712633050539, 6.674193003175096 51.565986842060866, 6.67604510440271 51.56483408579063, 6.676292597792979 51.56441704366394, 6.676201853157392 51.563829311860005, 6.674347593831965 51.56087901063485, 6.670982403540694 51.55650981157243, 6.669819983178416 51.55458686822905, 6.667265081217632 51.54903268362836, 6.666726428979088 51.54757154021272, 6.666421156644406 51.546044485820474, 6.6656560772793245 51.539665430458506, 6.665615291862371 51.53769582070333, 6.665961430333958 51.53575643569865, 6.666681058969877 51.53392254348147, 6.669552548591367 51.52830588902482, 6.670646588869157 51.52661241512192, 6.672058081047692 51.525172808293945, 6.673729651103585 51.52404558536235, 6.678520698474293 51.521475772237615, 6.678755120131275 51.52135399300295, 6.682950380950758 51.519244498186424, 6.683761389854913 51.51888090880595, 6.687463114367899 51.517415254135415, 6.690454647514333 51.516135944549994, 6.692436071262923 51.515522560165806, 6.697696468090888 51.51447639368312, 6.702485238563448 51.51281252523894, 6.70700635926064 51.5111364947273, 6.707743568751245 51.510571726008344, 6.709409102176722 51.50953782933653, 6.711244336079085 51.50884872815166, 6.713178743448673 51.508530904225836, 6.7198991775512695 51.50144996202149, 6.726250648498535 51.49899215439068, 6.73384666442871 51.49904558640074, 6.7381811141967765 51.501369818211096, 6.740326881408691 51.506792564820394, 6.738309860229492 51.51253516422883, 6.733245849609375 51.51576672744647, 6.730842590332031 51.51779635241522, 6.7267656326293945 51.521374681396225, 6.723203659057617 51.52393808750874, 6.721338258681848 51.5251093139022, 6.7204999923706055 51.526541399145984, 6.721937656402588 51.52974527068611, 6.719598770141602 51.535685185946384, 6.709814071655274 51.534657435837865, 6.703441143035889 51.53437713632629, 6.697359882043071 51.53493501368954, 6.695202453300367 51.535857623981755, 6.6949517983903455 51.535960819219085, 6.6915376382678415 51.537312616121284, 6.687857810270086 51.53916293685721, 6.6859375079225485 51.54019294507762, 6.6858768975123875 51.54031149947801, 6.686091693255923 51.54210241686784, 6.687517319340594 51.54520163185432, 6.690483257913762 51.54905246194459, 6.691027403910377 51.549833158697034, 6.694235780219176 51.55493798757656, 6.695138106877519 51.55676320705788, 6.695652031639035 51.55873335956283, 6.69660570285411 51.56491006521585, 6.696721000944578 51.56662601279419, 6.6965405754804 51.56833633919378, 6.696069763031359 51.569990456897884, 6.69532248914561 51.57153944091363, 6.691999682128066 51.57713858238432, 6.690545418966506 51.57903103289725, 6.688684134856562 51.580524977926046, 6.68367018136819 51.583645685496535, 6.6813517393891795 51.58470592734319, 6.675704154416013 51.5864597287743, 6.674175224382606 51.58680586278096, 6.669702834272716 51.58745517596778, 6.669073657935125 51.587526265429105, 6.664603361154441 51.58788846361825, 6.664014962432417 51.58791872430773, 6.65892075028453 51.58803041004718, 6.6574905625627885 51.587959215632644, 6.650289000062789 51.587080640420794, 6.649395345017493 51.586930250146374, 6.64467465536232 51.58591394389272, 6.643378330978223 51.5855418312545, 6.6375449029863365 51.58343213551413, 6.636816890194935 51.583136002515516, 6.629298225128484 51.579727427357255, 6.624045269504731 51.57775362735252, 6.618728039270668 51.57667933386625, 6.614070985233571 51.57659090053866, 6.610314006949423 51.57746269842649, 6.607988284242117 51.578916425096004, 6.607229641586186 51.58038509150295, 6.607481566723085 51.58454173627461, 6.608097165536138 51.58840794638764, 6.6081897425118035 51.59077758059839, 6.607825749641929 51.595329006623366, 6.607433417280492 51.597413355814396, 6.6060229640258665 51.60210053278861, 6.6051561352387225 51.605697645917154, 6.604746079266148 51.60700089084196, 6.602136974925052 51.61366442774479, 6.60121745204886 51.61545648319688, 6.59995746170558 51.61702791865464, 6.597544639683206 51.61948296867094, 6.596607222597186 51.62093619184745, 6.598559631102377 51.62259350508673, 6.60350885313468 51.62569849052691, 6.604335827561517 51.626277460320715, 6.608393168831358 51.62943480159056, 6.609725508545385 51.63068273069918, 6.61080878972152 51.63215207002933, 6.613399861150091 51.63643671288647, 6.6142081324873185 51.63810548822362, 6.614694415011714 51.639894801775476, 6.614841989777286 51.641743134908076, 6.6146457829958285 51.64358693982707, 6.6134519054448075 51.649511225541346, 6.612742740480297 51.65169546342519, 6.611553987837385 51.65366032403963, 6.607858038548579 51.658430670359984, 6.606737122868983 51.65965290265258, 6.605429624037968 51.66067307447376, 6.59983176614873 51.664337128810246, 6.597741021644667 51.66537947331523, 6.591344276197166 51.667681268485055, 6.589680483457438 51.668122520318896, 6.582274139824479 51.66941727687322, 6.580800151964327 51.669563589290874, 6.573459973392899 51.669745732148016, 6.572577141238134 51.66972864295273, 6.564686665047658 51.66922677220441, 6.564055742534771 51.669166517337956, 6.5566098305290215 51.66821645813973, 6.550403008535752 51.66791608129019, 6.545196556837164 51.66795954068258, 6.539443399180584 51.669071841019786, 6.531195074039271 51.6709540688185, 6.5301816868302724 51.671131044950336, 6.523947737966636 51.6718918119958, 6.522790876436546 51.67196530596208, 6.5176003461335155 51.671993601416645, 6.517091202555688 51.67198341019723, 6.511440491173575 51.67172624556309, 6.511318975806096 51.67171997435053, 6.506453387110307 51.67143917890369, 6.501889750082746 51.67136506616141, 6.4945194355572635 51.672103856528146, 6.487857009947407 51.67398466220308, 6.485633158978954 51.67543849187863, 6.483496287939635 51.67815344964865, 6.48184739607355 51.68189924513613, 6.48041341728287 51.68717306478895, 6.480233821600473 51.68776145328394, 6.478558113186024 51.69270173016043, 6.478375312638832 51.69319723788863, 6.476734813912949 51.69730646613764, 6.4756919714004635 51.699258258974965, 6.472113728606672 51.70447084212351, 6.470183281750473 51.70656596640207, 6.464868630235321 51.710893269432354, 6.46271618586671 51.712231617669936, 6.456802144200044 51.71493826350328, 6.455104052122785 51.71553714033643, 6.44815888166824 51.717302433897025, 6.447059879000974 51.71751708605631, 6.438673799455519 51.71867210499569, 6.438624341882319 51.718678791098604, 6.431624910416045 51.71960725537344, 6.424038533000147 51.72066575852509, 6.419026263368817 51.72217569088372, 6.422533655729994 51.72524904594691, 6.422792760357969 51.725484226669955, 6.426821940543996 51.72927204843072, 6.428101359716665 51.73073379290443, 6.4290740260324455 51.73241531916469, 6.431389254572021 51.737501963534825, 6.4320767879928304 51.73960167493829, 6.432286467668805 51.741801112279084, 6.432008058107148 51.743992910239356, 6.430848272776201 51.748793643691926, 6.430334481939647 51.75034906212745, 6.429573650383556 51.751799731930184, 6.42858619355839 51.75310672716801, 6.425572371088688 51.75648109664066, 6.423634984871861 51.758157563304934, 6.418845038295853 51.76132922430541, 6.417481972997132 51.76208601550776, 6.416017844035835 51.76262174521312, 6.409389706104801 51.76447569923609, 6.407705175650267 51.76479428124287, 6.401251150958909 51.76544894790954, 6.400137307340157 51.76549945221582, 6.391018059304242 51.76540399767036, 6.390631308739339 51.76539246354718, 6.385027812235842 51.765116764246464, 6.384667174002932 51.76509247999228, 6.379254326212425 51.764629591285285, 6.378917843005943 51.764595074866456, 6.372481549667579 51.76382463459609, 6.366762478941869 51.76339798317582, 6.36144084462428 51.763252442566774, 6.356224054541445 51.76390530630826, 6.350181768249762 51.76542955400566, 6.34357695952644 51.76796032696172, 6.339107906246577 51.77089565341245, 6.336535929927928 51.77454300756108, 6.333984421419577 51.77930107619156, 6.332903070587473 51.78258858354839, 6.33203023582373 51.786785467795546, 6.331388158594634 51.788787406395194, 6.329009971028775 51.79417527081388, 6.327664171555633 51.79639169120266, 6.323932483840364 51.80104704902892, 6.323131514454955 51.80193233460121, 6.318485413708686 51.80648854728778, 6.317400391384552 51.8074105956154, 6.311565974717885 51.81169251228208, 6.310402524207309 51.81242880149829, 6.304608928578895 51.815558790569334, 6.30346984719111 51.81608472205138, 6.2959672344861906 51.818992816313674, 6.294959523935705 51.819323110910396, 6.289317977869886 51.8208461656002, 6.2842968713306755 51.82284718888665, 6.278309145430663 51.825550557436095, 6.272603051839027 51.828565982656066, 6.272283585816595 51.82872755866836, 6.266561771809706 51.831493988059854, 6.266019706919525 51.831736485355904, 6.260597848469837 51.83397124703138, 6.259578083697793 51.834328430675875, 6.252479875812488 51.83639151311315, 6.251280805765996 51.83666136581499, 6.2433672415524315 51.83793741199103, 6.242683087934985 51.83802364812761, 6.2356063346882316 51.83866871306266, 6.235173122784909 51.83869873370404, 6.226900308932096 51.83909176400707, 6.225951021078643 51.83909175520955, 6.2183342378618605 51.838729750547564, 6.218224216241316 51.838723913897624, 6.212030084839811 51.838361086174245, 6.207654120683716 51.838551760340174, 6.2015799675549195 51.839072295624874, 6.196125331930027 51.840177171537285, 6.191265227507221 51.84172411953545, 6.185371296378001 51.84399234710107, 6.17911827450942 51.84651436448219, 6.178798593254438 51.8466369804694, 6.171588231206997 51.84926187123096, 6.171326782217929 51.84935297141444, 6.163706802385028 51.85189036697766, 6.162809048677993 51.852143462810126, 6.156720951587547 51.85355697901663, 6.15146961644833 51.85483470066481, 6.150969214373004 51.854942966767744, 6.144516884827549 51.856166972449564, 6.144057931005919 51.85624302181261, 6.1363848060059185 51.85733174340353, 6.135868128338167 51.85739139241528, 6.129205315838168 51.85798548332437, 6.128214209238904 51.85802446975984, 6.121043164332138 51.85795061967054, 6.11175931341695 51.85796940827436, 6.105613653186885 51.85816901684955, 6.100840054766608 51.85898907017754, 6.096287874586915 51.86001411346271, 6.092526632526909 51.86159977407059, 6.086511598671655 51.864509176118965, 6.080249943245307 51.868408377024394, 6.079563613810022 51.86879902737612, 6.072977804383792 51.872210605244966, 6.072254585639654 51.87254933293027, 6.065757413020607 51.87528157499375, 6.065021792963255 51.87555744384538, 6.059652909547819 51.8773336069543, 6.059363961576819 51.87742436740248, 6.053153678325588 51.87927221223009, 6.052481708029125 51.87944700504386, 6.047159583331789 51.88063577623032, 6.046606941447299 51.880742980790004, 6.041198886811207 51.88163491151759, 6.036002274398092 51.8831577716625, 6.031392481085375 51.885091756978156, 6.02515998995017 51.888285097017395, 6.023420078311132 51.88897941514664, 6.016006983073036 51.89115840674328, 6.014554841671638 51.89147028130336, 6.0130725238502505 51.89156363154323, 6.0066812073236395 51.89149052229956, 6.00436848842336 51.89119216541516, 5.998042900188066 51.88960956037316, 5.995503343456422 51.88858799092404, 5.989293343456422 51.885034419495454, 5.987826268048574 51.88401052696927, 5.982863670645976 51.879839942553694, 5.98113164213581 51.87795679430413, 5.977206820183569 51.87240463678424, 5.97640754349349 51.871062620224556, 5.974343777122387 51.86688649612432, 5.972786749876216 51.865784907232666, 5.967951337033774 51.864384735161664, 5.962846380449119 51.864752078925534, 5.958356164282141 51.86655764150661, 5.9528666018501015 51.871178996851235, 5.947676261833119 51.876147880843966, 5.945463058014651 51.87774994524386, 5.939921313174126 51.88070247807689, 5.937778209232498 51.88154396136301, 5.930044978463267 51.8835910382861, 5.928122653703148 51.88390371302506, 5.920733576780071 51.88437509764044, 5.91963717496196 51.88438481060844, 5.913046601091386 51.88408148948513, 5.912248750987506 51.88401267066704, 5.906517811617222 51.88328618094547, 5.905708948712463 51.88314973129297, 5.8996480550054295 51.88186964139344, 5.898397680674491 51.881519390938976, 5.8904128520454595 51.87871203206801, 5.888555759964292 51.877835605578724, 5.882380393451945 51.874101925023176, 5.880607236581642 51.8727373588924, 5.876477915593988 51.868749164447955, 5.8751662174359085 51.867194734775104, 5.872208436680856 51.8628624240387, 5.870865871251907 51.86174278202374, 5.869211486219366 51.86118771938378, 5.865997566803148 51.86084245395146, 5.860238018229288 51.86131553866998, 5.8548847665615265 51.86257294088957, 5.849640414368055 51.86467128050849, 5.844448832157917 51.86705200059472, 5.839219231310148 51.870133634795074, 5.839096392080109 51.87020484991726, 5.832977405337685 51.87369448059904, 5.8324432955453736 51.87397803294651, 5.826321582183305 51.87699435837752, 5.826008269300472 51.87714204815367, 5.819710116591113 51.87997862450834, 5.819071952728045 51.880239964317646, 5.812255881299474 51.88276050003192, 5.811084358317322 51.88311389824548, 5.8053160072534915 51.884475201436956, 5.8051217207161 51.88451901430533, 5.800025378797475 51.88561505760505, 5.799376771665892 51.88573233121584, 5.794124797981681 51.88650415139129, 5.793485437797872 51.88657718241922, 5.786061817117245 51.88718393035528, 5.780048702967444 51.88769630872721, 5.773278726563569 51.8884556891316, 5.768057221032017 51.88951999626121, 5.762283543640917 51.89099323812933, 5.762113635769346 51.891035012978314, 5.757273112893529 51.89218032888245, 5.7572247768953995 51.89219163904434, 5.75055847437439 51.893734048007936, 5.749726906292449 51.893889718862724, 5.743234865476123 51.8948227800872, 5.742782112388141 51.894877346524076, 5.7361559308679615 51.89552304234953, 5.729832240738819 51.89622807893376, 5.726099285277041 51.89714881725523, 5.71965411811278 51.89928970279393, 5.712892672152009 51.90174936147844, 5.712009764833486 51.90202502467013, 5.705374976473699 51.90376424424686, 5.704337827546417 51.90397815251338, 5.697907916832132 51.904952706084785, 5.697116471037204 51.90504059443326, 5.68831586796703 51.90566444311746, 5.687272648563006 51.905683823141885, 5.681552010924587 51.90549143043124, 5.675633832532493 51.90534732481985, 5.669237265071712 51.90534034613803, 5.662987467382156 51.90573730804554, 5.656739456646503 51.906303486284514, 5.650452183238685 51.90714045891301, 5.642343945330271 51.90846243423279, 5.64138649227347 51.90857149475182, 5.632825783738848 51.909130592980524, 5.632600933052059 51.90914273726872, 5.626294072092739 51.909412196892255, 5.625609966446889 51.90941800213542, 5.6198703421488485 51.909270303334324, 5.61326633451541 51.90914584364595, 5.613189123642634 51.90914409024069, 5.606671495717332 51.90897089598823, 5.6001462170339735 51.90891021942491, 5.595031681986525 51.909021213645694, 5.588220249559648 51.90982726436196, 5.579702295098856 51.91101798863522, 5.579218715058659 51.911073625803645, 5.571767091682035 51.911747651777674, 5.570645004383101 51.91178586426682, 5.563881043344141 51.911636188942154, 5.563371230576956 51.911611879435696, 5.556768957849682 51.911127930572064, 5.556173106478319 51.91106626424551, 5.5489297731449865 51.9100965767455, 5.548076574090201 51.909944467012, 5.541239625733392 51.90841721349087, 5.540327875817533 51.908167768035234, 5.534430497933206 51.90625044708829, 5.534250608851921 51.90619006957336, 5.526964444357155 51.9036673952458, 5.521881352139046 51.90196902682928, 5.514975785371933 51.90046088177659, 5.510381483552806 51.89969038731271, 5.505474347330515 51.899268827837375, 5.500361454765207 51.89886807736023, 5.494410536827063 51.898845448265355, 5.486530904545269 51.89903124585256, 5.479511847845917 51.899628302897796, 5.478791899955207 51.8996634714114, 5.470334558685367 51.89977140791933, 5.468898196832417 51.899686211312805, 5.461449277079331 51.89870287797946, 5.4608694783089815 51.898608939426516, 5.452902498393742 51.89707676695554, 5.451720062440095 51.89677349462757, 5.443724330163976 51.89419334070966, 5.442533142219079 51.89372277189931, 5.435987196807687 51.89063861446261, 5.434660336471297 51.88988473505906, 5.428913709108716 51.88601150807797, 5.4279642938547426 51.885285466841445, 5.422801280156112 51.88082382300583, 5.422124560159641 51.880181505758706, 5.417715820047737 51.87558735179381, 5.417569302865049 51.87543136540762, 5.4134293425905815 51.87092824153619, 5.411922498459033 51.868780778634225, 5.4092054454207465 51.86356572770344, 5.408515136705929 51.8618826629341, 5.4069729228186905 51.85686411553604, 5.4055816386912285 51.854244236509906, 5.40344688369089 51.851791943554126, 5.400813308994959 51.84938664472026, 5.3964352021086315 51.84640281270434, 5.393061874363067 51.84449292669759, 5.388453174227075 51.842058181878265, 5.3877002218505075 51.84161735377927, 5.382132147526183 51.83802238756305, 5.381277230446056 51.83740417447871, 5.376783480446056 51.83377875781205, 5.375740139689258 51.83280634282085, 5.371026893420601 51.82773886769648, 5.369999370980113 51.82643103556099, 5.367191112268467 51.822169722480616, 5.364533808617441 51.8191192542675, 5.3624549861521045 51.817368367028486, 5.357452606676204 51.814784281071745, 5.352217727366479 51.813815664386176, 5.348021786572434 51.81405993066501, 5.343068969964001 51.81552750972641, 5.339773486181621 51.81762724570733, 5.336279167626745 51.82072529196212, 5.335814762609639 51.82111259615037, 5.32865917554214 51.82672223880495, 5.326692221642581 51.82792632271646, 5.320012686758861 51.83101999713505, 5.3180298669487405 51.83169649694785, 5.311976318561644 51.83307469049623, 5.310797133982446 51.83326989514285, 5.303938864187724 51.833987519776265, 5.3026814571648675 51.834039469427225, 5.29505386358198 51.833874121833645, 5.29353361293574 51.833724461084195, 5.2869201675575885 51.832557990495964, 5.286194138354742 51.83240193524644, 5.279977080964173 51.830821998943165, 5.274587621546688 51.82975718390243, 5.267553627358832 51.828853192834615, 5.260733368225485 51.82801133161331, 5.254184079033293 51.82767177175458, 5.254009093830288 51.827661160642435, 5.246902241978437 51.82716764212392, 5.245738379390056 51.8270178032376, 5.239553635800314 51.825849213494024, 5.238912297815291 51.82570606214758, 5.231783374738367 51.8238669852245, 5.231477034809143 51.823782745219404, 5.224641514746181 51.821785730152705, 5.218273079609571 51.82038434, 5.210287494594569 51.81952745673472, 5.202099119654446 51.820021120460545, 5.196158675244534 51.82118315386035, 5.190166827292911 51.822976174171494, 5.19003647399599 51.82301421915644, 5.18337043626014 51.82491075361926, 5.182746566462745 51.825066750937985, 5.1751574317848 51.82670705672849, 5.173391081268578 51.82692676224224, 5.167902503682371 51.827116920288205, 5.167165096860899 51.827115263699355, 5.160305905684429 51.8268467587974, 5.158963759339763 51.826703049888806, 5.150542041262728 51.82522087952053, 5.1411468184570746 51.823692304897364, 5.1347963811545 51.82375459309698, 5.128430971455705 51.82469078906295, 5.122256583105143 51.826648923462564, 5.115621165292189 51.82919063161461, 5.107471804002929 51.832804715688646, 5.106191151735617 51.8332710592292, 5.099306209778734 51.83525847216452, 5.098542711243052 51.83544668424249, 5.091761875422157 51.83683793797384, 5.089781200379208 51.83704195736679, 5.081012298970757 51.83706756300061, 5.079309115290974 51.83692649907624, 5.07039318087853 51.835412624785725, 5.068838881409212 51.83501830689414, 5.060560758325997 51.83219471253715, 5.060382016751796 51.83213184880484, 5.053178129556911 51.829521279632026, 5.0443131301762625 51.827204374625495, 5.036977878457999 51.826819095597166, 5.031770940038248 51.82754518945055, 5.023588697650408 51.82926622625884, 5.022931962736995 51.82938164502669, 5.0127218758644085 51.83082696355952, 5.011860179478725 51.83091108994081, 5.00405794199534 51.83133295524877, 5.003242913626559 51.83134375573959, 4.995663991745569 51.83113516612092, 4.986600130685327 51.83122622768644, 4.979820844383882 51.83190590567705, 4.973623437477354 51.832855857773076, 4.968701106605032 51.83365747491103, 4.968476254062335 51.833691473067304, 4.961798575490906 51.83462361592443, 4.961658734374845 51.834642131899805, 4.95480017426558 51.83550107752081, 4.946185568125054 51.83678663227279, 4.94573255195979 51.83684369629458, 4.938277838535958 51.83761028754647, 4.9377875864519805 51.83764854738094, 4.929696835434593 51.838080141905536, 4.928962089530982 51.83809229797352, 4.920421851631064 51.83791969748131, 4.918966173961091 51.837783376983, 4.912488162556957 51.8366944247378, 4.912005281221716 51.836600987550035, 4.904752857843241 51.83501167892565, 4.903888145894176 51.834781191685245, 4.895708485808665 51.83220378176428, 4.886992152283689 51.8295325213471, 4.878202563206082 51.82745989115713, 4.872181989746909 51.82776030174831, 4.871973380551234 51.827768528806665, 4.863236613013954 51.828021777893674, 4.854140948721929 51.828398670810564, 4.848085422437234 51.82882826386121, 4.847816915900313 51.82884368656579, 4.838934971455868 51.829234103232466, 4.838434143722735 51.829243559717796, 4.82931608816718 51.82918730971778, 4.829071856271902 51.82918281950625, 4.82202233936369 51.8289670586367, 4.821893495561022 51.82896228361642, 4.814700017300153 51.82864924013817, 4.81462563707206 51.82864572578242, 4.807532030933952 51.82828408895377, 4.80707520644077 51.82825029457385, 4.800128315684467 51.82757609289318, 4.799740977445902 51.827530861822446, 4.7927752631601885 51.826579433251005, 4.792140178203561 51.8264717496061, 4.787260601844807 51.82548172932633, 4.782913732063346 51.82515798385405, 4.777748334014895 51.82510859982847, 4.770933287239046 51.82552801014809, 4.764804729534932 51.8269885211814, 4.760184756080584 51.828763757338926, 4.759847386848449 51.8288864888848, 4.7525336807080985 51.8313994274813, 4.751085334426206 51.83177856563757, 4.749596616804141 51.83193722418779, 4.740279072944491 51.832228452257965, 4.740189347912433 51.83223085367904, 4.733551753385005 51.832378697120916, 4.726269846994685 51.832746326228474, 4.718685321975458 51.83322637158862, 4.7180882616226665 51.83324628159455, 4.7088429364194155 51.833278273464465, 4.708156021031902 51.83325703508565, 4.701849473412854 51.83284477318087, 4.701693923573543 51.83283338594961, 4.692126557400074 51.832057940075835, 4.6860521152652925 51.831690628641596, 4.685045828450383 51.83157842639434, 4.6805916609314915 51.83085188776878, 4.67544557419135 51.83079769198848, 4.669243867958635 51.83082030390156, 4.667559499495391 51.830683655802396, 4.665922191489009 51.8302653349743, 4.659543874990693 51.82804678278574, 4.658542750785874 51.82763660032354, 4.652307138137653 51.82467826040258, 4.650899556066196 51.82386413821255, 4.646175889126081 51.82059235806487, 4.645784800259865 51.820307228365735, 4.639609362999799 51.81557186691697, 4.635286552492886 51.81330055197972, 4.629437064565611 51.811595363924845, 4.625657272999494 51.811051401531024, 4.6204923128041475 51.810978224329645, 4.6159807786616875 51.81230673816554, 4.615671853917367 51.812392351051, 4.608229367430882 51.814326999699645, 4.607441966928714 51.81449813842182, 4.600205197601246 51.8157680944243, 4.599735647665311 51.81583904627589, 4.593331820145932 51.81665169162474, 4.59296306465422 51.81669155303556, 4.585566664478786 51.817352566130026, 4.579163693359773 51.81841116347459, 4.573257211796681 51.820716040340415, 4.570216088007044 51.82286836114091, 4.566347021584467 51.829706738263575, 4.565161841682593 51.83137595097674, 4.563661574685 51.83276883339009, 4.5555430561664805 51.838886425982686, 4.553895135790169 51.839894549081286, 4.5520841239674175 51.840566999768264, 4.550177606821833 51.84087868249502, 4.540064035393262 51.841540111066436, 4.538260754973349 51.84149500548362, 4.529023148227147 51.84042495083097, 4.523247735766274 51.84055906942503, 4.517365942117847 51.841757487787454, 4.510005962741399 51.84333462942967, 4.502167403898758 51.84506650758705, 4.500635499426462 51.84528241835134, 4.492884036011827 51.845768223229385, 4.491459212667819 51.84575580775098, 4.484010199891977 51.84515847906341, 4.483582122639433 51.84511486465364, 4.47618479395186 51.844199998219246, 4.475884298036792 51.84415819699311, 4.468120185518885 51.84295782662445, 4.460337407246323 51.84196653419329, 4.45523279455833 51.84184682940007, 4.447733858385057 51.842663532463355, 4.441378125282016 51.844229157931395, 4.434175804176385 51.84680659679569, 4.428274733779203 51.848931295516074, 4.428016015461943 51.84902046819164, 4.42103623576092 51.85131983876599, 4.41969592646773 51.85166069486054, 4.412871942727893 51.85290124364102, 4.411338223368526 51.8530592510257, 4.404754890035191 51.85322710816857, 4.403601101684688 51.85318987429071, 4.396745282462408 51.852571100884596, 4.390998158652503 51.85206743445286, 4.383496875998873 51.852215076279485, 4.375203828018352 51.852952869126874, 4.367717214086926 51.85454902206774, 4.361437934803735 51.85655393017308, 4.355671626307221 51.85930388387991, 4.351595789984849 51.86221611481272, 4.347750078772001 51.866063167747754, 4.346858198663693 51.86685478343322, 4.341395805501298 51.871149142407575, 4.340064889854611 51.87203310818886, 4.338610179337726 51.87269382694383, 4.334278106689453 51.8765439589067, 4.334149360656738 51.87953769596743, 4.327840805053711 51.898105009342096, 4.283294677734375 51.90488374242146, 4.246044158935547 51.92468449279804, 4.226131439208984 51.941831025841104, 4.186820983886719 51.95664373991784, 4.147167205810547 51.97155731422007));river